start_run: 1 
physics: Theodor tank
end_event: 
start_event:      1   1 
neutrino: 1 1 0 1.25 0.000000 0.000000 -1.000000 10.000000 0.0 0.567694 0.554791 -1 14 2 2212
track_in: 1 1 0 1.25 0.0      0.0      -1.000000 10.000000 0.0 6 13    
end_event: 
start_event:      1   1 
neutrino: 1 1 0 1.25 0.000000 0.000000 -1.000000 10.000000 0.0 0.567694 0.554791 -1 14 2 2212
track_in: 1 1 0 1.25 0.0      0.0      -1.000000 10.000000 0.0 6 13    
end_event: 
start_event:      1   1 
neutrino: 1 1 0 1.25 0.000000 0.000000 -1.000000 10.000000 0.0 0.567694 0.554791 -1 14 2 2212
track_in: 1 1 0 1.25 0.0      0.0      -1.000000 10.000000 0.0 6 13    
end_event: 
start_event:      1   1 
neutrino: 1 1 0 1.25 0.000000 0.000000 -1.000000 10.000000 0.0 0.567694 0.554791 -1 14 2 2212
track_in: 1 1 0 1.25 0.0      0.0      -1.000000 10.000000 0.0 6 13    
end_event: 
start_event:      1   1 
neutrino: 1 1 0 1.25 0.000000 0.000000 -1.000000 10.000000 0.0 0.567694 0.554791 -1 14 2 2212
track_in: 1 1 0 1.25 0.0      0.0      -1.000000 10.000000 0.0 6 13    
end_event: 
start_event:      1   1 
neutrino: 1 1 0 1.25 0.000000 0.000000 -1.000000 10.000000 0.0 0.567694 0.554791 -1 14 2 2212
track_in: 1 1 0 1.25 0.0      0.0      -1.000000 10.000000 0.0 6 13    
end_event: 
start_event:      1   1 
neutrino: 1 1 0 1.25 0.000000 0.000000 -1.000000 10.000000 0.0 0.567694 0.554791 -1 14 2 2212
track_in: 1 1 0 1.25 0.0      0.0      -1.000000 10.000000 0.0 6 13    
end_event: 
start_event:      1   1 
neutrino: 1 1 0 1.25 0.000000 0.000000 -1.000000 10.000000 0.0 0.567694 0.554791 -1 14 2 2212
track_in: 1 1 0 1.25 0.0      0.0      -1.000000 10.000000 0.0 6 13    
end_event: 
start_event:      1   1 
neutrino: 1 1 0 1.25 0.000000 0.000000 -1.000000 10.000000 0.0 0.567694 0.554791 -1 14 2 2212
track_in: 1 1 0 1.25 0.0      0.0      -1.000000 10.000000 0.0 6 13    
end_event: 
start_event:      1   1 
neutrino: 1 1 0 1.25 0.000000 0.000000 -1.000000 10.000000 0.0 0.567694 0.554791 -1 14 2 2212
track_in: 1 1 0 1.25 0.0      0.0      -1.000000 10.000000 0.0 6 13    
end_event: 
