2.1948489E-04 -55.043 134.23 -193.23 149.02 -57.929 9.0317
3.2742793E-04 -45.768 104.56 -145.18 106.71 -38.639 5.5094
2.8585579E-04 -48.635 111.97 -153.75 111.37 -39.755 5.5927
2.3711985E-04 -53.032 126.42 -185.22 146.91 -59.155 9.6300
2.6124765E-04 -50.705 118.95 -172.19 134.04 -52.659 8.3485
2.6337855E-04 -50.155 110.20 -151.59 115.70 -45.639 7.3571
2.8603160E-04 -48.072 100.25 -131.05 94.482 -34.872 5.2289
3.1464742E-04 -46.257 100.16 -138.28 105.08 -40.762 6.3982
7.4142340E-04 -32.619 77.634 -128.15 113.01 -48.471 8.0665
1.2010545E-03 -24.362 34.734 -40.67 25.605 -7.274 0.74276
1.1056778E-03 -25.709 41.649 -56.117 41.540 -14.874 2.1002
4.7487256E-04 -36.955 54.016 -44.47 13.073 2.3826 -1.3574
2.7625859E-04 -49.121 108.22 -145.70 105.87 -38.904 5.7801
2.7094601E-04 -49.667 111.72 -151.09 108.03 -37.991 5.2398
4.7368402E-04 -41.835 134.13 -243.06 221.35 -97.049 16.4480

3.0548201E-04 -45.099 62.778 -37.338 -13.128 22.983 -6.3979
6.2562950E-04 -32.012 37.607 -14.917 -19.179 20.440 -5.1816
6.4018171E-04 -31.494 34.853 -16.519 -9.3988 12.653 -3.3721
1.3778845E-04 -66.274 112.19 -86.477 12.345 16.031 -5.6094
2.0073092E-04 -55.438 90.605 -67.294 5.6820 15.804 -5.1711
3.1663598E-03 -11.706 -15.955 54.837 -67.644 37.508 -7.5588
4.3430720E-03 -8.5579 -24.545 65.429 -73.632 39.087 -7.7336
9.9824730E-04 -23.204 -6.3717 70.489 -96.181 53.038 -10.455
3.6550566E-04 -41.132 50.489 -24.352 -9.3636 12.934 -3.1985
1.2801657E-04 -70.099 165.45 -226.06 166.75 -62.170 9.2855
8.2613726E-04 -26.698 10.652 43.957 -77.833 47.219 -9.7692
3.3031759E-04 -44.577 83.727 -100.57 63.020 -17.898 1.6602
4.9446308E-04 -35.700 43.529 -33.044 13.188 -1.9456 -0.013128
5.2000378E-04 -35.314 49.886 -48.025 24.508 -4.9875 0.13011
1.7242019E-04 -60.498 125.68 -154.53 103.69 -34.929 4.6379
1.9964197E-04 -55.874 99.135 -97.451 47.060 -8.7793 0.10543
1.1554329E-03 -21.637 -4.4404 52.645 -66.715 34.590 -6.4741
4.2147920E-04 -38.767 52.491 -37.966 7.7029 4.5656 -1.7821
3.5040902E-03 -6.5846 -57.663 131.96 -124.76 55.332 -9.3715
7.6834037E-04 -27.380 8.0476 41.470 -62.707 34.333 -6.5317
2.8295084E-04 -47.271 77.913 -82.443 48.195 -13.513 1.37365
5.1322335E-04 -35.377 47.567  -41.307 17.422  -1.5600 -0.51063
3.3820386E-04 -44.777 97.065  -144.47 118.77  -48.747   7.9003
3.9065204E-04 -40.201 55.904  -50.344 24.590  -5.0571 0.20331
2.3455136E-04 -51.687 87.710  -82.427 36.197  -4.7874 -0.47199
6.6487672E-04 -29.504 10.992   40.269 -64.817 36.852   -7.2746
1.4194855E-03 -19.225 -6.8060  41.964 -45.463 21.214   -3.6608
4.0629524E-04 -39.126 47.690  -27.090 -1.9527 8.4500   -2.3639
1.5121647E-04 -63.606 113.05  -110.38 52.259  -8.7756 -0.28293
2.1988385E-04 -53.213 89.329  -82.860 35.893  -4.4527 -0.56560
1.1552637E-04 -73.056 158.03  -196.95 132.86  -45.218   6.1593
4.1231472E-04 -37.753 25.367   30.381 -63.142 37.765   -7.5693
2.6418903E-04 -48.616 75.774  -61.950 17.423  4.1788   -2.1799
2.5758002E-04 -49.001 72.357  -56.152 15.459  3.1388   -1.6609
1.8172001E-04 -58.468 106.19  -104.60 46.523  -4.8440  -1.2519
3.4961273E-04 -43.008 72.702  -79.227 49.067  -15.714   2.1129
6.8072771E-04 -29.334 13.371   35.163 -61.069 35.971   -7.2738
2.3455136E-04 -51.687 87.710  -82.427 36.197  -4.7874 -0.47199
6.6487672E-04 -29.504 10.992   40.269 -64.817 36.852   -7.2746
1.9913181E-03 -12.068 -55.117  158.08 -169.36 81.449   -14.570
3.9259411E-04 -39.714 47.563  -23.768 -6.0577 10.032   -2.4921

8.3 0.77
0.68 0.17 0.06225 0.853 0.924
