start_run: 1
physics: Theodor tank
end_event:
start_event: 1 1
hit:        1      7   1.00      12.06    6    1   1      12.06    2
hit:        2      8   1.00       7.29    6    1   1       7.29    0
hit:        3      8   1.00      13.46    6    1   1      13.46    2
hit:        4     13   1.00      13.75    6    1   1      13.75    2
hit:        5     19   1.00       7.06    6    1   1       7.06    0
hit:        6     20   9.00       6.50    6    1   9       6.50    0
hit:        7     21   2.00       7.02    6    1   2       7.02    0
hit:        8     25   3.00       6.77    6    1   3       6.77    0
hit:        9     26  13.00       6.48    6    1  13       6.48    0
hit:       10     27   2.00       6.93    6    1   2       6.93    0
hit:       11     30   1.00       6.66    6    1   1       6.66    0
hit:       12     31   4.00       6.46    6    1   4       6.46    0
muonaddi_info:    1 -1     0.00     0.00     0.00   0.000000   0.000000   0.000000 0.000000e+00       0.00
muonaddi_info:    1  0     0.00     0.00     0.00   0.000000   0.000000   0.000000 0.000000e+00       0.00
muonaddi_info:    1  1     0.00     0.00     0.00   0.000000   0.000000   0.000000 0.000000e+00       0.00
muonaddi_info:    1  2     0.00     0.00     0.00       0.00
neutrino: 1 1 0 1.25 0.000000 0.000000 -1.000000 10.000000 0.0 0.567694 0.554791 -1 14 2 2212
total_hits:       12
track_in: 1 1 0 1.25 0.0      0.0      -1.000000 10.000000 0.0 6 13 
end_event:
start_event: 1 1
hit:        1      8   1.00       7.09    6    1   1       7.09    0
hit:        2     14   2.00       6.91    6    1   2       6.91    0
hit:        3     19   5.00       6.95    6    1   5       6.95    0
hit:        4     20  18.00       6.47    6    1  18       6.47    0
hit:        5     25   3.00       6.90    6    1   3       6.90    0
hit:        6     26   4.00       6.53    6    1   4       6.53    0
hit:        7     31   5.00       6.52    6    1   5       6.52    0
muonaddi_info:    1 -1     0.00     0.00     0.00   0.000000   0.000000   0.000000 0.000000e+00       0.00
muonaddi_info:    1  0     0.00     0.00     0.00   0.000000   0.000000   0.000000 0.000000e+00       0.00
muonaddi_info:    1  1     0.00     0.00     0.00   0.000000   0.000000   0.000000 0.000000e+00       0.00
muonaddi_info:    1  2     0.00     0.00     0.00       0.00
neutrino: 1 1 0 1.25 0.000000 0.000000 -1.000000 10.000000 0.0 0.567694 0.554791 -1 14 2 2212
total_hits:        7
track_in: 1 1 0 1.25 0.0      0.0      -1.000000 10.000000 0.0 6 13 
end_event:
start_event: 1 1
hit:        1      8   2.00       7.11    6    1   2       7.11    0
hit:        2     13   1.00       7.61    6    1   1       7.61    0
hit:        3     14   5.00       6.97    6    1   5       6.97    0
hit:        4     19   3.00       6.99    6    1   3       6.99    0
hit:        5     20  13.00       6.46    6    1  13       6.46    0
hit:        6     21   4.00       6.81    6    1   4       6.81    0
hit:        7     25   2.00       6.72    6    1   2       6.72    0
hit:        8     26   6.00       6.42    6    1   6       6.42    0
hit:        9     30   1.00       6.94    6    1   1       6.94    0
hit:       10     31   1.00       6.58    6    1   1       6.58    0
muonaddi_info:    1 -1     0.00     0.00     0.00   0.000000   0.000000   0.000000 0.000000e+00       0.00
muonaddi_info:    1  0     0.00     0.00     0.00   0.000000   0.000000   0.000000 0.000000e+00       0.00
muonaddi_info:    1  1     0.00     0.00     0.00   0.000000   0.000000   0.000000 0.000000e+00       0.00
muonaddi_info:    1  2     0.00     0.00     0.00       0.00
neutrino: 1 1 0 1.25 0.000000 0.000000 -1.000000 10.000000 0.0 0.567694 0.554791 -1 14 2 2212
total_hits:       10
track_in: 1 1 0 1.25 0.0      0.0      -1.000000 10.000000 0.0 6 13 
end_event:
start_event: 1 1
hit:        1      8   1.00       7.22    6    1   1       7.22    0
hit:        2     13   1.00       7.67    6    1   1       7.67    0
hit:        3     14   1.00       6.90    6    1   1       6.90    0
hit:        4     19   5.00       7.00    6    1   5       7.00    0
hit:        5     20  14.00       6.47    6    1  14       6.47    0
hit:        6     21   4.00       6.75    6    1   4       6.75    0
hit:        7     21   1.00       7.46    6    1   1       7.46    2
hit:        8     26   7.00       6.50    6    1   7       6.50    0
hit:        9     27   1.00       6.94    6    1   1       6.94    0
hit:       10     30   1.00       7.02    6    1   1       7.02    0
hit:       11     31   6.00       6.45    6    1   6       6.45    0
muonaddi_info:    1 -1     0.00     0.00     0.00   0.000000   0.000000   0.000000 0.000000e+00       0.00
muonaddi_info:    1  0     0.00     0.00     0.00   0.000000   0.000000   0.000000 0.000000e+00       0.00
muonaddi_info:    1  1     0.00     0.00     0.00   0.000000   0.000000   0.000000 0.000000e+00       0.00
muonaddi_info:    1  2     0.00     0.00     0.00       0.00
neutrino: 1 1 0 1.25 0.000000 0.000000 -1.000000 10.000000 0.0 0.567694 0.554791 -1 14 2 2212
total_hits:       11
track_in: 1 1 0 1.25 0.0      0.0      -1.000000 10.000000 0.0 6 13 
end_event:
start_event: 1 1
hit:        1      9   1.00       7.46    6    1   1       7.46    0
hit:        2     14   1.00       6.77    6    1   1       6.77    0
hit:        3     19   2.00       6.93    6    1   2       6.93    0
hit:        4     20  10.00       6.47    6    1  10       6.47    0
hit:        5     21   4.00       6.92    6    1   4       6.92    0
hit:        6     25   2.00       6.94    6    1   2       6.94    0
hit:        7     26  11.00       6.49    6    1  11       6.49    0
hit:        8     27   1.00       7.01    6    1   1       7.01    0
hit:        9     30   1.00       7.11    6    1   1       7.11    0
hit:       10     31  12.00       6.44    6    1  12       6.44    0
muonaddi_info:    1 -1     0.00     0.00     0.00   0.000000   0.000000   0.000000 0.000000e+00       0.00
muonaddi_info:    1  0     0.00     0.00     0.00   0.000000   0.000000   0.000000 0.000000e+00       0.00
muonaddi_info:    1  1     0.00     0.00     0.00   0.000000   0.000000   0.000000 0.000000e+00       0.00
muonaddi_info:    1  2     0.00     0.00     0.00       0.00
neutrino: 1 1 0 1.25 0.000000 0.000000 -1.000000 10.000000 0.0 0.567694 0.554791 -1 14 2 2212
total_hits:       10
track_in: 1 1 0 1.25 0.0      0.0      -1.000000 10.000000 0.0 6 13 
end_event:
start_event: 1 1
hit:        1      8   4.00       7.24    6    1   4       7.24    0
hit:        2      8   1.00       7.51    6    1   1       7.51    0
hit:        3     14   3.00       7.02    6    1   3       7.02    0
hit:        4     19   1.00       6.94    6    1   1       6.94    0
hit:        5     20  10.00       6.55    6    1  10       6.55    0
hit:        6     20   1.00       7.08    6    1   1       7.08    2
hit:        7     21   4.00       6.89    6    1   4       6.89    0
hit:        8     25   2.00       6.91    6    1   2       6.91    0
hit:        9     26   8.00       6.46    6    1   8       6.46    0
hit:       10     30   1.00       7.17    6    1   1       7.17    0
hit:       11     31   9.00       6.40    6    1   9       6.40    0
muonaddi_info:    1 -1     0.00     0.00     0.00   0.000000   0.000000   0.000000 0.000000e+00       0.00
muonaddi_info:    1  0     0.00     0.00     0.00   0.000000   0.000000   0.000000 0.000000e+00       0.00
muonaddi_info:    1  1     0.00     0.00     0.00   0.000000   0.000000   0.000000 0.000000e+00       0.00
muonaddi_info:    1  2     0.00     0.00     0.00       0.00
neutrino: 1 1 0 1.25 0.000000 0.000000 -1.000000 10.000000 0.0 0.567694 0.554791 -1 14 2 2212
total_hits:       11
track_in: 1 1 0 1.25 0.0      0.0      -1.000000 10.000000 0.0 6 13 
end_event:
start_event: 1 1
hit:        1      8   2.00       7.24    6    1   2       7.24    2
hit:        2      8   1.00       9.40    6    1   1       9.40    2
hit:        3     14   7.00       6.94    6    1   7       6.94    2
hit:        4     14   1.00       7.21    6    1   1       7.21    2
hit:        5     14   1.00       8.99    6    1   1       8.99    2
hit:        6     19   2.00       6.95    6    1   2       6.95    0
hit:        7     19   1.00       8.90    6    1   1       8.90    2
hit:        8     19   1.00       9.53    6    1   1       9.53    2
hit:        9     20  18.00       6.55    6    1  18       6.55    0
hit:       10     21   9.00       6.79    6    1   9       6.79    0
hit:       11     25   2.00       6.70    6    1   2       6.70    0
hit:       12     25   1.00      13.45    6    1   1      13.45    2
hit:       13     26  11.00       6.45    6    1  11       6.45    0
hit:       14     27   2.00       7.20    6    1   2       7.20    2
hit:       15     30   2.00       7.23    6    1   2       7.23    0
hit:       16     31   7.00       6.50    6    1   7       6.50    0
muonaddi_info:    1 -1     0.00     0.00     0.00   0.000000   0.000000   0.000000 0.000000e+00       0.00
muonaddi_info:    1  0     0.00     0.00     0.00   0.000000   0.000000   0.000000 0.000000e+00       0.00
muonaddi_info:    1  1     0.00     0.00     0.00   0.000000   0.000000   0.000000 0.000000e+00       0.00
muonaddi_info:    1  2     0.00     0.00     0.00       0.00
neutrino: 1 1 0 1.25 0.000000 0.000000 -1.000000 10.000000 0.0 0.567694 0.554791 -1 14 2 2212
total_hits:       16
track_in: 1 1 0 1.25 0.0      0.0      -1.000000 10.000000 0.0 6 13 
end_event:
start_event: 1 1
hit:        1     17   1.00      21.00    6    1   1      21.00    0
hit:        2     19   3.00       6.79    6    1   3       6.79    0
hit:        3     19   1.00       7.23    6    1   1       7.23    0
hit:        4     20  10.00       6.43    6    1  10       6.43    0
hit:        5     21   5.00       6.72    6    1   5       6.72    0
hit:        6     25   1.00       6.71    6    1   1       6.71    0
hit:        7     26   7.00       6.47    6    1   7       6.47    0
hit:        8     27   1.00       6.95    6    1   1       6.95    0
hit:        9     30   2.00       7.03    6    1   2       7.03    0
hit:       10     31  10.00       6.48    6    1  10       6.48    0
muonaddi_info:    1 -1     0.00     0.00     0.00   0.000000   0.000000   0.000000 0.000000e+00       0.00
muonaddi_info:    1  0     0.00     0.00     0.00   0.000000   0.000000   0.000000 0.000000e+00       0.00
muonaddi_info:    1  1     0.00     0.00     0.00   0.000000   0.000000   0.000000 0.000000e+00       0.00
muonaddi_info:    1  2     0.00     0.00     0.00       0.00
neutrino: 1 1 0 1.25 0.000000 0.000000 -1.000000 10.000000 0.0 0.567694 0.554791 -1 14 2 2212
total_hits:       10
track_in: 1 1 0 1.25 0.0      0.0      -1.000000 10.000000 0.0 6 13 
end_event:
start_event: 1 1
hit:        1      8   4.00       7.27    6    1   4       7.27    0
hit:        2     14   1.00       6.96    6    1   1       6.96    0
hit:        3     14   1.00       8.19    6    1   1       8.19    2
hit:        4     19   7.00       7.01    6    1   7       7.01    2
hit:        5     20   7.00       6.51    6    1   7       6.51    0
hit:        6     21   6.00       6.86    6    1   6       6.86    2
hit:        7     21   1.00       7.32    6    1   1       7.32    2
hit:        8     25   4.00       6.86    6    1   4       6.86    0
hit:        9     26   9.00       6.46    6    1   9       6.46    2
hit:       10     26   1.00       7.90    6    1   1       7.90    2
hit:       11     27   1.00       7.09    6    1   1       7.09    0
hit:       12     30   1.00       6.85    6    1   1       6.85    0
hit:       13     31   8.00       6.43    6    1   8       6.43    0
hit:       14     31   1.00       7.65    6    1   1       7.65    2
muonaddi_info:    1 -1     0.00     0.00     0.00   0.000000   0.000000   0.000000 0.000000e+00       0.00
muonaddi_info:    1  0     0.00     0.00     0.00   0.000000   0.000000   0.000000 0.000000e+00       0.00
muonaddi_info:    1  1     0.00     0.00     0.00   0.000000   0.000000   0.000000 0.000000e+00       0.00
muonaddi_info:    1  2     0.00     0.00     0.00       0.00
neutrino: 1 1 0 1.25 0.000000 0.000000 -1.000000 10.000000 0.0 0.567694 0.554791 -1 14 2 2212
total_hits:       14
track_in: 1 1 0 1.25 0.0      0.0      -1.000000 10.000000 0.0 6 13 
end_event:
start_event: 1 1
hit:        1      7   1.00       9.77    6    1   1       9.77    2
hit:        2      7   1.00      11.70    6    1   1      11.70    2
hit:        3      8   2.00      11.67    6    1   2      11.67    2
hit:        4     19   6.00       6.97    6    1   6       6.97    0
hit:        5     20   5.00       6.48    6    1   5       6.48    0
hit:        6     21   1.00       6.84    6    1   1       6.84    0
hit:        7     25   3.00       6.84    6    1   3       6.84    0
hit:        8     26  11.00       6.47    6    1  11       6.47    0
hit:        9     27   2.00       6.96    6    1   2       6.96    0
hit:       10     30   1.00       7.27    6    1   1       7.27    0
hit:       11     31  12.00       6.49    6    1  12       6.49    0
muonaddi_info:    1 -1     0.00     0.00     0.00   0.000000   0.000000   0.000000 0.000000e+00       0.00
muonaddi_info:    1  0     0.00     0.00     0.00   0.000000   0.000000   0.000000 0.000000e+00       0.00
muonaddi_info:    1  1     0.00     0.00     0.00   0.000000   0.000000   0.000000 0.000000e+00       0.00
muonaddi_info:    1  2     0.00     0.00     0.00       0.00
neutrino: 1 1 0 1.25 0.000000 0.000000 -1.000000 10.000000 0.0 0.567694 0.554791 -1 14 2 2212
total_hits:       11
track_in: 1 1 0 1.25 0.0      0.0      -1.000000 10.000000 0.0 6 13 
end_event:
